1600,6
1600,5
1600,4
1600,3
1600,2
1600,1
1600,0
1599,6
1599,5
1599,4
1599,3
1599,2
1599,1
1599,0
1598,6
1598,5
1598,4
1598,3
1598,2
1598,1
1598,0
1597,6
1597,5
1597,4
1597,3
1597,2
1597,1
1597,0
1596,6
1596,5
1596,4
1596,3
1596,2
1596,1
1596,0
1595,6
1595,5
1595,4
1595,3
1595,2
1595,1
1595,0
1594,6
1594,5
1594,4
1594,3
1594,2
1594,1
1594,0
1593,6
1593,5
1593,4
1593,3
1593,2
1593,1
1593,0
1592,6
1592,5
1592,4
1592,3
1592,2
1592,1
1592,0
1591,6
1591,5
1591,4
1591,3
1591,2
1591,1
1591,0
1590,6
1590,5
1590,4
1590,3
1590,2
1590,1
1590,0
1589,6
1589,5
1589,4
1589,3
1589,2
1589,1
1589,0
1588,6
1588,5
1588,4
1588,3
1588,2
1588,1
1588,0
1587,6
1587,5
1587,4
1587,3
1587,2
1587,1
1587,0
1586,6
1586,5
1586,4
1586,3
1586,2
1586,1
1586,0
1585,6
1585,5
1585,4
1585,3
1585,2
1585,1
1585,0
1584,6
1584,5
1584,4
1584,3
1584,2
1584,1
1584,0
1583,6
1583,5
1583,4
1583,3
1583,2
1583,1
1583,0
1582,6
1582,5
1582,4
1582,3
1582,2
1582,1
1582,0
1581,6
1581,5
1581,4
1581,3
1581,2
1581,1
1581,0
1580,6
1580,5
1580,4
1580,3
1580,2
1580,1
1580,0
0,472
0,469
0,453
1579,7
1579,6
1579,5
1579,4
1579,3
1579,2
1579,1
1579,0
1396,2
1396,1
1396,0
1395,3
1395,2
1395,1
1395,0
1394,3
1394,2
1394,1
1394,0
1393,3
1393,2
1393,1
1393,0
1392,3
1392,2
1392,1
1392,0
1391,3
1391,2
1391,1
1391,0
1390,4
1390,3
1390,2
1390,1
1390,0
1389,3
1389,2
1389,1
1389,0
1388,3
1388,2
1388,1
1388,0
1387,3
1387,2
1387,1
1387,0
1386,3
1386,2
1386,1
1386,0
1385,3
1385,2
1385,1
1385,0
1384,3
1384,2
1384,1
1384,0
1383,3
1383,2
1383,1
1383,0
1382,4
1382,3
1382,2
1382,1
1382,0
1381,3
1381,2
1381,1
1381,0
1380,3
1380,2
1380,1
1380,0
1379,3
1379,2
1379,1
1379,0
1378,3
1378,2
1378,1
1378,0
1377,3
1377,2
1377,1
1377,0
1376,4
1376,3
1376,2
1376,1
1376,0
1375,4
1375,3
1375,2
1375,1
1375,0
1374,4
1374,3
1374,2
1374,1
1374,0
1373,3
1373,2
1373,1
1373,0
1372,3
1372,2
1372,1
1372,0
1371,4
1371,3
1371,2
1371,1
1371,0
1370,3
1370,2
1370,1
1370,0
1369,3
1369,2
1369,1
1369,0
1368,3
1368,2
1368,1
1368,0
1367,7
1367,6
1367,5
1367,4
1367,3
1367,2
1367,1
1367,0
1366,4
1366,3
1366,2
1366,1
1366,0
1365,6
1365,5
1365,4
1365,3
1365,2
1365,1
1365,0
1364,3
1364,2
1364,1
1364,0
1363,4
1363,3
1363,2
1363,1
1363,0
1362,3
1362,2
1362,1
1362,0
1361,3
1361,2
1361,1
1361,0
1360,3
1360,2
1360,1
1360,0
1359,3
1359,2
1359,1
1359,0
1358,3
1358,2
1358,1
1358,0
1357,3
1357,2
1357,1
1357,0
1356,3
1356,2
1356,1
1356,0
1355,3
1355,2
1355,1
1355,0
1354,3
1354,2
1354,1
1354,0
1353,3
1353,2
1353,1
1353,0
1352,4
1352,3
1352,2
1352,1
1352,0
2,12
2,11
2,10
2,9
2,8
2,7
2,6
2,5
2,2
2,4
2,1
2,3
2,0
1,3
0,506
0,505
4,3
0,500
0,470
0,467
0,243
0,9
0,1
1396,3
1397,0
1397,2
1397,3
1398,1
1398,2
1399,0
1399,2
1399,3
1399,5
1400,0
1400,2
1400,4
1401,0
1401,2
1401,3
1402,1
1402,2
1403,0
1403,2
1403,3
1404,1
1404,2
1405,0
1405,2
1405,3
1406,1
1406,2
1407,0
1407,1
1407,3
1408,1
1408,2
1409,0
1409,1
1409,3
1410,1
1410,2
1411,0
1411,1
1411,3
1412,0
1412,2
1413,0
1413,1
1413,3
1414,0
1414,2
1415,0
1415,1
1415,3
1415,4
1415,6
1416,1
1416,2
1417,0
1417,1
1417,3
1418,0
1418,2
1418,4
1418,5
1418,7
1418,8
1419,0
1419,2
1419,3
1420,1
1420,2
1421,0
1421,1
1421,3
1422,1
1422,2
1423,0
1423,1
1423,3
1424,1
1424,2
1425,0
1425,1
1425,3
1426,0
1426,2
1427,0
1427,1
1427,3
1428,0
1428,2
1429,0
1429,1
1429,3
1430,0
1430,2
1430,4
1431,0
1431,2
1431,3
1432,1
1432,2
1433,0
1433,2
1433,3
1434,1
1434,2
1435,0
1435,2
1435,3
1436,1
1436,2
1436,4
1437,0
1437,2
1438,0
1438,1
1438,3
1438,4
1439,1
1439,3
1440,0
1440,2
1440,3
1441,1
1441,2
1442,0
1442,2
1442,3
1443,1
1443,2
1444,0
1444,2
1444,3
1445,1
1445,2
1446,0
1446,1
1446,3
1447,1
1447,2
1448,0
1448,1
1448,3
1449,1
1449,2
1450,0
1450,1
1450,3
1451,1
1451,2
1452,0
1452,1
1452,3
1452,4
1453,1
1453,3
1454,0
1454,2
1454,3
1455,1
1455,3
1455,4
1456,1
1456,2
1456,4
1457,0
1457,2
1458,0
1458,1
1458,3
1458,4
1459,1
1459,3
1460,0
1460,2
1460,3
1461,1
1461,2
1461,4
1462,1
1462,2
1462,4
1462,5
1462,7
1463,1
1463,2
1463,4
1464,0
1464,2
1465,0
1465,1
1465,3
1465,4
1466,1
1466,2
1467,0
1467,2
1467,3
1468,1
1468,2
1469,0
1469,2
1469,3
1470,1
1470,2
1471,0
1471,1
1471,3
1472,1
1472,2
1472,4
1473,0
1473,2
1474,0
1474,1
1474,3
1475,0
1475,2
1475,3
1476,1
1476,3
1477,0
1477,2
1477,3
1478,1
1478,3
1479,0
1479,2
1479,3
1480,1
1480,2
1481,0
1481,2
1481,3
1482,1
1482,2
1482,4
1483,1
1483,2
1484,0
1484,1
1484,3
1486,1
1486,2
1487,0
1487,1
1487,3
1488,0
1488,2
1489,0
1489,1
1489,3
1490,0
1490,2
1490,4
1491,0
1491,2
1491,3
1492,1
1492,2
1493,0
1493,2
1493,3
1494,0
1494,1
1494,3
1495,1
1495,2
1496,0
1496,1
1496,3
1497,0
1497,2
1498,0
1498,1
1498,3
1499,0
1499,2
1500,0
1500,1
1500,3
1501,0
1501,2
1502,0
1502,1
1502,3
1503,0
1503,2
1503,3
1504,1
1504,3
1505,0
1505,2
1505,3
1506,1
1506,3
1507,0
1507,2
1507,3
1507,5
1507,6
1508,0
1508,2
1508,3
1509,0
1509,1
1509,3
1510,1
1510,2
1511,0
1511,1
1511,3
1511,4
1512,1
1512,3
1513,0
1513,2
1513,3
1514,1
1514,3
1515,0
1515,2
1515,3
1516,1
1516,3
1516,4
1516,6
1516,7
1516,9
1516,10
1516,12
1517,0
1517,1
1517,3
1517,4
1517,6
1517,8
1517,9
1517,11
1517,12
1517,14
1517,15
1517,17
1517,19
1517,20
1517,22
1517,23
1517,25
1518,1
1518,2
1549,0
1549,1
1549,3
1549,4
1549,6
1549,5
1549,2
1518,3
1518,0
1517,24
1517,21
1517,18
1517,16
1517,13
1517,10
1517,7
1517,5
1517,2
1516,13
1516,11
1516,8
1516,5
1516,2
1516,0
1515,1
1514,2
1514,0
1513,1
1512,2
1512,0
1511,2
1510,3
1510,0
1509,2
1508,4
1508,1
1507,7
1507,4
1507,1
1506,2
1506,0
1505,1
1504,2
1504,0
1503,1
1502,2
1501,3
1501,1
1500,2
1499,3
1499,1
1498,2
1497,3
1497,1
1496,2
1495,3
1495,0
1494,2
1493,4
1493,1
1492,3
1492,0
1491,1
1490,3
1490,1
1489,2
1488,3
1488,1
1487,2
1486,3
1486,0
1484,2
1483,3
1483,0
1482,3
1482,0
1481,1
1480,3
1480,0
1479,1
1478,2
1478,0
1477,1
1476,2
1476,0
1475,1
1474,2
1473,3
1473,1
1472,3
1472,0
1471,2
1470,3
1470,0
1469,1
1468,3
1468,0
1467,1
1466,3
1466,0
1465,2
1464,3
1464,1
1463,3
1463,0
1462,6
1462,3
1462,0
1461,3
1461,0
1460,1
1459,2
1459,0
1458,2
1457,3
1457,1
1456,3
1456,0
1455,2
1455,0
1454,1
1453,2
1453,0
1452,2
1451,3
1451,0
1450,2
1449,3
1449,0
1448,2
1447,3
1447,0
1446,2
1445,3
1445,0
1444,1
1443,3
1443,0
1442,1
1441,3
1441,0
1440,1
1439,2
1439,0
1438,2
1437,3
1437,1
1436,3
1436,0
1435,1
1434,3
1434,0
1433,1
1432,3
1432,0
1431,1
1430,3
1430,1
1429,2
1428,3
1428,1
1427,2
1426,3
1426,1
1425,2
1424,3
1424,0
1423,2
1422,3
1422,0
1421,2
1420,3
1420,0
1419,1
1418,9
1418,6
1418,3
1418,1
1417,2
1416,3
1416,0
1415,5
1415,2
1414,3
1414,1
1413,2
1412,3
1412,1
1411,2
1410,3
1410,0
1409,2
1408,3
1408,0
1407,2
1406,3
1406,0
1405,1
1404,3
1404,0
1403,1
1402,3
1402,0
1401,1
1400,3
1400,1
1399,4
1399,1
1398,3
1398,0
1397,1
0,448
0,300
0,299
0,298
0,297
0,296
0,295
0,294
0,293
0,292
0,291
0,290
0,289
0,288
0,287
0,286
0,285
0,284
0,283
0,282
0,281
0,280
0,279
0,278
0,277
0,276
0,275
0,274
0,454
0,273
0,272
0,465
0,271
0,270
0,269
0,268
0,267
0,266
0,265
0,264
0,263
0,462
0,262
0,261
0,260
0,259
0,258
0,257
0,256
0,255
0,254
0,253
0,252
0,464
0,251
0,250
0,249
0,248
0,247
0,246
0,245
0,244
0,242
0,241
0,240
0,239
0,238
0,237
0,463
0,236
0,235
0,234
0,233
0,232
0,231
0,230
0,229
0,456
0,228
0,451
0,227
0,226
0,225
0,224
0,223
0,222
0,221
0,220
0,219
0,218
0,459
0,217
0,216
0,450
0,215
0,214
0,213
0,212
0,211
0,210
0,468
0,209
0,208
0,207
0,206
0,205
0,204
0,203
0,202
0,201
0,200
0,460
0,199
0,471
0,198
0,197
0,196
0,195
0,194
0,193
0,192
0,63
0,458
0,62
0,61
0,457
0,60
0,59
0,58
0,57
0,56
0,55
0,461
0,54
0,53
0,52
0,51
0,50
0,49
0,48
0,455
0,47
0,46
0,45
0,6
0,0
0,5
0,304
0,303
0,306
0,305
0,302
0,12
0,466
0,10
0,8
0,319
0,11
0,4
0,2
0,3
0,7
